times: 100
q: 10000
K: 200
BEST 1: 47930162
BEST 2: 47929404
TIME: 2527.631000 s


times: 100
q: 10000
K: 2
BEST 1: 47946422
BEST 2: 47941031
TIME: 1332.637000 s


times: 100
q: 1000
K: 2
BEST 1: 47964235
BEST 2: 47940444
TIME: 1267.823000 s


times: 100
q: 1000
K: 10
BEST 1: 47927820
BEST 2: 47925278
TIME: 1161.838000 s